Введите количество вершин: 3
Введите количество рёбер: 3
Введите первую вершину ребра: 1
Введите вторую вершину ребра: 2
Введите вес ребра: 1
список  [(1, 2, 1)]
Введите первую вершину ребра: 1
Введите вторую вершину ребра: 3
Введите вес ребра: 2
список  [(1, 2, 1), (1, 3, 2)]
Введите первую вершину ребра: 2
Введите вторую вершину ребра: 3
Введите вес ребра: 3
список  [(1, 2, 1), (1, 3, 2), (2, 3, 3)]

3
3
1
2
1
1
3
2
2
3
1


9
16
1
2
15
1
5
14
1
4
23
2
3
19
2
4
16
2
5
15
3
5
14
3
6
26
4
6
25
4
7
23
5
8
20
5
6
24
5
8
27
5
9
18
7
8
14
8
9
18

7
16
1
2
4
1
4
3
1
6
1
2
6
6
2
3
2
2
4
3
2
5
7
2
7
1
3
5
4
3
7
2
4
5
1
4
6
5
4
7
3
5
6
3
5
7
6
6
7
7
i=4 j=0 l=2
