C:\Users\felde\AppData\Local\Programs\Python\Python312\python.exe "C:\Users\felde\PycharmProjects\pythonProject\practicum2024 python\practicum_1_2024.py" 
П.1
10 12 14 16 18 20 22 24 26 28 30 32 34 36 38 40 42 44 46 48 50 52 54 56 58 60 62 64 66 68

П.2
10	20	30	40	50	60
12	22	32	42	52	62
14	24	34	44	54	64
16	26	36	46	56	66
18	28	38	48	58	68

П.3
20	45	70	95	120	145
30	55	80	105	130	155
35	60	85	110	135	160
40	65	90	115	140	165
45	70	95	120	145	170

П.4
1	10	7
3	2	8
4	10	7
5	10	0
5	3	7
7	1	3

П.5
Размер вектора a: 5
Размер вектора b: 3

П.6
2525	2445	2265
2775	2805	2585
2900	2985	2745
3025	3165	2905
3150	3345	3065

П.7
Матрица A:
20	45	95	120	145
30	55	105	130	155
35	60	110	135	160
40	65	115	140	165
45	70	120	145	170

Матрица B:
1	10	7	16	13	19
3	2	8	18	19	11
4	10	7	12	12	14
5	10	0	16	12	18
5	3	7	16	15	12
7	1	3	20	13	15

П.8
Определитель A:  0.0
Определитель B:  27890.000000000007 

Определитель A равен нулю, нет обратной матрицы

Обратная матрица к B:
-0.123	-0.209	0.011	0.046	0.375	-0.057
-0.166	0.415	0.607	-0.139	-1.071	0.363
0.033	-0.002	0.178	-0.188	-0.113	0.109
-0.16	0.647	0.793	-0.33	-1.688	0.734
0.031	-0.224	-0.467	0.26	0.891	-0.464
0.248	-0.599	-0.734	0.24	1.397	-0.528

П.9
A в 6 степени: 
1129241703375000	1876213300640625	3370156495171875	4117128092437500	4864099689703125
1256417141625000	2087512856859375	3749704287328125	4580800002562500	5411895717796875
1320004860750000	2193162634968750	3939478183406250	4812635957625000	5685793731843750
1383592579875000	2298812413078125	4129252079484375	5044471912687500	5959691745890625
1447180299000000	2404462191187500	4319025975562500	5276307867750000	6233589759937500
B в 14 степени: 
-462436441	-431940788	-495830432	368388400	-1016075875	410100594
-1295831541	748552326	406143065	50000320	-548082619	-246949242
2138379152	-920184768	-728197009	-1015046560	1913261416	-597272498
1605935833	-2059747322	-1161320597	608079002	-1980599889	1855961795
-1870312973	1182882661	-1664668173	80662450	-500697605	-290264858
1211928970	398178954	1805152920	-334261854	749210018	1082011495

П.10 Вариант 3
1.564 2.133 -0.654 1.579

Process finished with exit code 0
